蛋疼的蜘蛛,狄学长,-50,-50,-50,-50,-50,-50,85,10*蛋疼的蜘蛛,狄学长,-50,-50,-50,-50,-50,-50,85,10|1366,680|683,340,100|50,630,5*1316,50,5|4,0,0,0*0,0,0,0|1|
1,0,50,50,0,0,85,0,0,1,0,0,0,9*2,1,1316,630,180,180,85,0,0,0,0,0,0,10|11,0,152.944,46.594,-1.895||0*0|
1,0,50,50,0,0,85,0,0,0,0,0,0,9*2,1,1316,630,180,180,85,0,0,0,0,0,0,10|11,0,160.939,46.3295,-1.895||0*0|
1,0,50,50,0,0,85,0,0,0,0,0,0,9*2,1,1316,630,180,180,85,0,0,0,0,0,0,10|11,0,168.935,46.0649,-1.895||0*0|
1,0,50,50,0,0,85,0,0,0,0,0,0,9*2,1,1316,630,180,180,85,0,0,0,0,0,0,10|11,0,176.931,45.8004,-1.895||0*0|
1,0,50,50,0,0,85,0,0,0,0,0,0,9*2,1,1316,630,180,180,85,0,0,0,0,0,0,10|11,0,184.926,45.5358,-1.895||0*0|
1,0,50,50,0,0,85,0,0,0,0,0,0,9*2,1,1316,630,180,180,85,0,0,0,0,0,0,10|11,0,192.922,45.2713,-1.895||0*0|
1,0,50,50,0,0,85,0,0,0,0,0,0,9*2,1,1316,630,180,180,85,0,0,0,0,0,0,10|11,0,200.917,45.0067,-1.895||0*0|
1,0,50,50,0,0,85,0,0,0,0,0,0,9*2,1,1316,630,180,180,85,0,0,0,0,0,0,10|11,0,208.913,44.7422,-1.895||0*0|
1,0,50,50,0,0,85,0,0,0,0,0,0,9*2,1,1316,630,180,180,85,0,0,0,0,0,0,10|11,0,216.909,44.4777,-1.895||0*0|
1,0,50,50,0,0,85,0,0,0,0,0,0,9*2,1,1316,630,180,180,85,0,0,0,0,0,0,10|11,0,224.904,44.2131,-1.895||0*0|
1,0,50,50,0,0,85,0,0,0,0,0,0,9*2,1,1316,630,180,180,85,0,0,0,0,0,0,10|11,0,232.9,43.9486,-1.895||0*0|
1,0,50,50,0,0,85,0,0,0,0,0,0,9*2,1,1316,630,180,180,85,0,0,0,0,0,0,10|11,0,240.896,43.684,-1.895||0*0|
1,0,50,50,0,0,85,0,0,0,0,0,0,9*2,1,1316,630,180,180,85,0,0,0,0,0,0,10|11,0,248.891,43.4195,-1.895||0*0|
1,0,50,50,0,0,85,0,0,0,0,0,0,9*2,1,1316,630,180,180,85,0,0,0,0,0,0,10|11,0,256.887,43.1549,-1.895||0*0|
1,0,50,50,0,0,85,0,0,0,0,0,0,9*2,1,1316,630,180,180,85,0,0,0,0,0,0,10|11,0,264.882,42.8904,-1.895||0*0|
1,0,50,50,0,0,85,0,0,0,0,0,0,9*2,1,1316,630,180,180,85,0,0,0,0,0,0,10|11,0,272.878,42.6258,-1.895||0*0|
1,0,50,50,0,0,85,0,0,0,0,0,0,9*2,1,1316,630,180,180,85,0,0,0,0,0,0,10|11,0,280.874,42.3613,-1.895||0*0|
1,0,50,50,0,0,85,0,0,0,0,0,0,9*2,1,1316,630,180,180,85,0,0,0,0,0,0,10|11,0,288.869,42.0968,-1.895||0*0|
1,0,50,50,0,0,85,0,0,0,0,0,0,9*2,1,1316,630,180,180,85,0,0,0,0,0,0,10|11,0,296.865,41.8322,-1.895||0*0|
1,0,50,50,0,0,85,0,0,0,0,0,0,9*2,1,1316,630,180,180,85,0,0,0,0,0,0,10|11,0,304.861,41.5677,-1.895||0*0|
1,0,50,50,0,0,85,0,0,0,0,0,0,9*2,1,1316,630,180,180,85,0,0,0,0,0,0,10|11,0,312.856,41.3031,-1.895||0*0|
1,0,50,50,0,0,85,0,0,0,0,0,0,9*2,1,1316,630,180,180,85,0,0,0,0,0,0,10|11,0,320.852,41.0386,-1.895||0*0|
1,0,50,50,0,0,85,0,0,0,0,0,0,9*2,1,1316,630,180,180,85,0,0,0,0,0,0,10|11,0,328.847,40.774,-1.895||0*0|
1,0,50,50,0,0,85,0,0,0,0,0,0,9*2,1,1316,630,180,180,85,0,0,0,0,0,0,10|11,0,336.843,40.5095,-1.895||0*0|
1,0,50,50,0,0,85,0,0,0,0,0,0,9*2,1,1316,630,180,180,85,0,0,0,0,0,0,10|11,0,344.839,40.245,-1.895||0*0|
1,0,50,50,0,0,85,0,0,0,0,0,0,9*2,1,1316,630,180,180,85,0,0,0,0,0,0,10|11,0,352.834,39.9804,-1.895||0*0|
1,0,50,50,0,0,85,0,0,0,0,0,0,9*2,1,1316,630,180,180,85,0,0,0,0,0,0,10|11,0,360.83,39.7159,-1.895||0*0|
1,0,50,50,0,0,85,0,0,0,0,0,0,9*2,1,1316,630,180,180,85,0,0,0,0,0,0,10|11,0,368.826,39.4513,-1.895||0*0|
1,0,50,50,0,0,85,0,0,0,0,0,0,9*2,1,1316,630,180,180,85,0,0,0,0,0,0,10|11,0,376.821,39.1868,-1.895||0*0|
1,0,50,50,0,0,85,0,0,0,0,0,0,9*2,1,1316,630,180,180,85,0,0,0,0,0,0,10|11,0,384.817,38.9222,-1.895||0*0|
1,0,50,50,0,0,85,0,0,1,0,0,0,8*2,1,1316,630,180,180,85,0,0,0,0,0,0,10|11,0,392.812,38.6577,-1.895*12,0,152.934,53.6845,2.05||0*0|
1,0,50,50,0,0,85,0,0,0,0,0,0,8*2,1,1316,630,180,180,85,0,0,0,0,0,0,10|11,0,400.808,38.3931,-1.895*12,0,160.929,53.9706,2.05||0*0|
1,0,50,50,0,0,85,0,0,0,0,0,0,8*2,1,1316,630,180,180,85,0,0,0,0,0,0,10|11,0,408.804,38.1286,-1.895*12,0,168.924,54.2568,2.05||0*0|
1,0,50,50,0,0,85,0,0,0,0,0,0,8*2,1,1316,630,180,180,85,0,0,0,0,0,0,10|11,0,416.799,37.8641,-1.895*12,0,176.919,54.543,2.05||0*0|
1,0,50,50,0,0,85,0,0,0,0,0,0,8*2,1,1316,630,180,180,85,0,0,0,0,0,0,10|11,0,424.795,37.5995,-1.895*12,0,184.914,54.8292,2.05||0*0|
1,0,50,50,0,0,85,0,0,0,0,0,0,8*2,1,1316,630,180,180,85,0,0,0,0,0,0,10|11,0,432.791,37.335,-1.895*12,0,192.908,55.1153,2.05||0*0|
1,0,50,50,0,0,85,0,0,0,0,0,0,8*2,1,1316,630,180,180,85,0,0,0,0,0,0,10|11,0,440.786,37.0704,-1.895*12,0,200.903,55.4015,2.05||0*0|
1,0,50,50,0,0,85,0,0,0,0,0,0,8*2,1,1316,630,180,180,85,0,0,0,0,0,0,10|11,0,448.782,36.8059,-1.895*12,0,208.898,55.6877,2.05||0*0|
1,0,50,50,0,0,85,0,0,0,0,0,0,8*2,1,1316,630,180,180,85,0,0,0,0,0,0,10|11,0,456.777,36.5413,-1.895*12,0,216.893,55.9739,2.05||0*0|
1,0,50,50,0,0,85,0,0,0,0,0,0,8*2,1,1316,630,180,180,85,0,0,0,0,0,0,10|11,0,464.773,36.2768,-1.895*12,0,224.888,56.26,2.05||0*0|
1,0,50,50,0,0,85,0,0,0,0,0,0,8*2,1,1316,630,180,180,85,0,0,0,0,0,0,10|11,0,472.769,36.0123,-1.895*12,0,232.883,56.5462,2.05||0*0|
1,0,50,50,0,0,85,0,0,0,0,0,0,8*2,1,1316,630,180,180,85,0,0,0,0,0,0,10|11,0,480.764,35.7477,-1.895*12,0,240.878,56.8324,2.05||0*0|
1,0,50,50,0,0,85,0,0,0,0,0,0,8*2,1,1316,630,180,180,85,0,0,0,0,0,0,10|11,0,488.76,35.4832,-1.895*12,0,248.873,57.1186,2.05||0*0|
1,0,50,50,0,0,85,0,0,0,0,0,0,8*2,1,1316,630,180,180,85,0,0,0,0,0,0,10|11,0,496.756,35.2186,-1.895*12,0,256.868,57.4047,2.05||0*0|
1,0,50,50,0,0,85,0,0,0,0,0,0,8*2,1,1316,630,180,180,85,0,0,0,0,0,0,10|11,0,504.751,34.9541,-1.895*12,0,264.862,57.6909,2.05||0*0|
1,0,50,50,0,0,85,0,0,0,0,0,0,8*2,1,1316,630,180,180,85,0,0,0,0,0,0,10|11,0,512.747,34.6895,-1.895*12,0,272.857,57.9771,2.05||0*0|
1,0,50,50,0,0,85,0,0,0,0,0,0,8*2,1,1316,630,180,180,85,0,0,0,0,0,0,10|11,0,520.742,34.425,-1.895*12,0,280.852,58.2632,2.05||0*0|
1,0,50,50,0,0,85,0,0,0,0,0,0,8*2,1,1316,630,180,180,85,0,0,0,0,0,0,10|11,0,528.738,34.1604,-1.895*12,0,288.847,58.5494,2.05||0*0|
1,0,50,50,0,0,85,0,0,0,0,0,0,8*2,1,1316,630,180,180,85,0,0,0,0,0,0,10|11,0,536.734,33.8959,-1.895*12,0,296.842,58.8356,2.05||0*0|
1,0,50,50,0,0,85,0,0,0,0,0,0,8*2,1,1316,630,180,180,85,0,0,0,0,0,0,10|11,0,544.729,33.6314,-1.895*12,0,304.837,59.1218,2.05||0*0|
1,0,50,50,0,0,85,0,0,0,0,0,0,8*2,1,1316,630,180,180,85,0,0,0,0,0,0,10|11,0,552.725,33.3668,-1.895*12,0,312.832,59.4079,2.05||0*0|
1,0,50,50,0,0,85,0,0,0,0,0,0,8*2,1,1316,630,180,180,85,0,0,0,0,0,0,10|11,0,560.721,33.1023,-1.895*12,0,320.827,59.6941,2.05||0*0|
1,0,50,50,0,0,85,0,0,0,0,0,0,8*2,1,1316,630,180,180,85,0,0,0,0,0,0,10|11,0,568.716,32.8377,-1.895*12,0,328.821,59.9803,2.05||0*0|
1,0,50,50,0,0,85,0,0,0,0,0,0,8*2,1,1316,630,180,180,85,0,0,0,0,0,0,10|11,0,576.712,32.5732,-1.895*12,0,336.816,60.2665,2.05||0*0|
1,0,50,50,0,0,85,0,0,0,0,0,0,8*2,1,1316,630,180,180,85,0,0,0,0,0,0,10|11,0,584.707,32.3086,-1.895*12,0,344.811,60.5526,2.05||0*0|
1,0,50,50,0,0,85,0,0,0,0,0,0,8*2,1,1316,630,180,180,85,0,0,0,0,0,0,10|11,0,592.703,32.0441,-1.895*12,0,352.806,60.8388,2.05||0*0|
1,0,50,50,0,0,85,0,0,0,0,0,0,8*2,1,1316,630,180,180,85,0,0,0,0,0,0,10|11,0,600.699,31.7796,-1.895*12,0,360.801,61.125,2.05||0*0|
1,0,50,50,0,0,85,0,0,0,0,0,0,8*2,1,1316,630,180,180,85,0,0,0,0,0,0,10|11,0,608.694,31.515,-1.895*12,0,368.796,61.4111,2.05||0*0|
1,0,50,50,0,0,85,0,0,0,0,0,0,8*2,1,1316,630,180,180,85,0,0,0,0,0,0,10|11,0,616.69,31.2505,-1.895*12,0,376.791,61.6973,2.05||0*0|
1,0,50,50,0,0,85,0,0,0,0,0,0,8*2,1,1316,630,180,180,85,0,0,0,0,0,0,10|11,0,624.686,30.9859,-1.895*12,0,384.786,61.9835,2.05||0*0|
1,0,50,50,0,0,85,0,0,1,0,0,0,7*2,1,1316,630,180,180,85,0,0,0,0,0,0,10|11,0,632.681,30.7214,-1.895*12,0,392.78,62.2697,2.05*13,0,152.951,46.8366,-1.76||0*0|
1,0,50,50,0,0,85,0,0,0,0,0,0,7*2,1,1316,630,180,180,85,0,0,0,0,0,0,10|11,0,640.677,30.4568,-1.895*12,0,400.775,62.5558,2.05*13,0,160.948,46.5909,-1.76||0*0|
1,0,50,50,0,0,85,0,0,0,0,0,0,7*2,1,1316,630,180,180,85,0,0,0,0,0,0,10|11,0,648.672,30.1923,-1.895*12,0,408.77,62.842,2.05*13,0,168.944,46.3452,-1.76||0*0|
1,0,50,50,0,0,85,0,0,0,0,0,0,7*2,1,1316,630,180,180,85,0,0,0,0,0,0,10|11,0,656.668,29.9277,-1.895*12,0,416.765,63.1282,2.05*13,0,176.94,46.0995,-1.76||0*0|
1,0,50,50,0,0,85,0,0,0,0,0,0,7*2,1,1316,630,180,180,85,0,0,0,0,0,0,10|11,0,664.664,29.6632,-1.895*12,0,424.76,63.4144,2.05*13,0,184.936,45.8537,-1.76||0*0|
1,0,50,50,0,0,85,0,0,0,0,0,0,7*2,1,1316,630,180,180,85,0,0,0,0,0,0,10|11,0,672.659,29.3987,-1.895*12,0,432.755,63.7005,2.05*13,0,192.933,45.608,-1.76||0*0|
1,0,50,50,0,0,85,0,0,0,0,0,0,7*2,1,1316,630,180,180,85,0,0,0,0,0,0,10|11,0,680.655,29.1341,-1.895*12,0,440.75,63.9867,2.05*13,0,200.929,45.3623,-1.76||0*0|
1,0,50,50,0,0,85,0,0,0,0,0,0,7*2,1,1316,630,180,180,85,0,0,0,0,0,0,10|11,0,688.651,28.8696,-1.895*12,0,448.745,64.2729,2.05*13,0,208.925,45.1166,-1.76||0*0|
1,0,50,50,0,0,85,0,0,0,0,0,0,7*2,1,1316,630,180,180,85,0,0,0,0,0,0,10|11,0,696.646,28.605,-1.895*12,0,456.74,64.559,2.05*13,0,216.921,44.8709,-1.76||0*0|
1,0,50,50,0,0,85,0,0,0,0,0,0,7*2,1,1316,630,180,180,85,0,0,0,0,0,0,10|11,0,704.642,28.3405,-1.895*12,0,464.734,64.8452,2.05*13,0,224.917,44.6252,-1.76||0*0|
1,0,50,50,0,0,85,0,0,0,0,0,0,7*2,1,1316,630,180,180,85,0,0,0,0,0,0,10|11,0,712.637,28.0759,-1.895*12,0,472.729,65.1314,2.05*13,0,232.914,44.3795,-1.76||0*0|
1,0,50,50,0,0,85,0,0,0,0,0,0,7*2,1,1316,630,180,180,85,0,0,0,0,0,0,10|11,0,720.633,27.8114,-1.895*12,0,480.724,65.4176,2.05*13,0,240.91,44.1338,-1.76||0*0|
1,0,50,50,0,0,85,0,0,0,0,0,0,7*2,1,1316,630,180,180,85,0,0,0,0,0,0,10|11,0,728.629,27.5469,-1.895*12,0,488.719,65.7037,2.05*13,0,248.906,43.8881,-1.76||0*0|
1,0,50,50,0,0,85,0,0,0,0,0,0,7*2,1,1316,630,180,180,85,0,0,0,0,0,0,10|11,0,736.624,27.2823,-1.895*12,0,496.714,65.9899,2.05*13,0,256.902,43.6424,-1.76||0*0|
1,0,50,50,0,0,85,0,0,0,0,0,0,7*2,1,1316,630,180,180,85,0,0,0,0,0,0,10|11,0,744.62,27.0178,-1.895*12,0,504.709,66.2761,2.05*13,0,264.899,43.3967,-1.76||0*0|
1,0,50,50,0,0,85,0,0,0,0,0,0,7*2,1,1316,630,180,180,85,0,0,0,0,0,0,10|11,0,752.616,26.7532,-1.895*12,0,512.704,66.5623,2.05*13,0,272.895,43.151,-1.76||0*0|
1,0,50,50,0,0,85,0,0,0,0,0,0,7*2,1,1316,630,180,180,85,0,0,0,0,0,0,10|11,0,760.611,26.4887,-1.895*12,0,520.699,66.8484,2.05*13,0,280.891,42.9053,-1.76||0*0|
1,0,50,50,0,0,85,0,0,0,0,0,0,7*2,1,1316,630,180,180,85,0,0,0,0,0,0,10|11,0,768.607,26.2241,-1.895*12,0,528.693,67.1346,2.05*13,0,288.887,42.6596,-1.76||0*0|
1,0,50,50,0,0,85,0,0,0,0,0,0,7*2,1,1316,630,180,180,85,0,0,0,0,0,0,10|11,0,776.602,25.9596,-1.895*12,0,536.688,67.4208,2.05*13,0,296.883,42.4139,-1.76||0*0|
1,0,50,50,0,0,85,0,0,0,0,0,0,7*2,1,1316,630,180,180,85,0,0,0,0,0,0,10|11,0,784.598,25.695,-1.895*12,0,544.683,67.707,2.05*13,0,304.88,42.1682,-1.76||0*0|
1,0,50,50,0,0,85,0,0,0,0,0,0,7*2,1,1316,630,180,180,85,0,0,0,0,0,0,10|11,0,792.594,25.4305,-1.895*12,0,552.678,67.9931,2.05*13,0,312.876,41.9225,-1.76||0*0|
1,0,50,50,0,0,85,0,0,0,0,0,0,7*2,1,1316,630,180,180,85,0,0,0,0,0,0,10|11,0,800.589,25.166,-1.895*12,0,560.673,68.2793,2.05*13,0,320.872,41.6768,-1.76||0*0|
1,0,50,50,0,0,85,0,0,0,0,0,0,7*2,1,1316,630,180,180,85,0,0,0,0,0,0,10|11,0,808.585,24.9014,-1.895*12,0,568.668,68.5655,2.05*13,0,328.868,41.4311,-1.76||0*0|
1,0,50,50,0,0,85,0,0,0,0,0,0,7*2,1,1316,630,180,180,85,0,0,0,0,0,0,10|11,0,816.581,24.6369,-1.895*12,0,576.663,68.8516,2.05*13,0,336.865,41.1854,-1.76||0*0|
1,0,50,50,0,0,85,0,0,0,0,0,0,7*2,1,1316,630,180,180,85,0,0,0,0,0,0,10|11,0,824.576,24.3723,-1.895*12,0,584.658,69.1378,2.05*13,0,344.861,40.9397,-1.76||0*0|
1,0,50,50,0,0,85,0,0,0,0,0,0,7*2,1,1316,630,180,180,85,0,0,0,0,0,0,10|11,0,832.572,24.1078,-1.895*12,0,592.652,69.424,2.05*13,0,352.857,40.694,-1.76||0*0|
1,0,50,50,0,0,85,0,0,0,0,0,0,7*2,1,1316,630,180,180,85,0,0,0,0,0,0,10|11,0,840.567,23.8432,-1.895*12,0,600.647,69.7102,2.05*13,0,360.853,40.4483,-1.76||0*0|
1,0,50,50,0,0,85,0,0,0,0,0,0,7*2,1,1316,630,180,180,85,0,0,0,0,0,0,10|11,0,848.563,23.5787,-1.895*12,0,608.642,69.9963,2.05*13,0,368.85,40.2026,-1.76||0*0|
1,0,50,50,0,0,85,0,0,0,0,0,0,7*2,1,1316,630,180,180,85,0,0,0,0,0,0,10|11,0,856.559,23.3142,-1.895*12,0,616.637,70.2825,2.05*13,0,376.846,39.9569,-1.76||0*0|
1,0,50,50,0,0,85,0,0,0,0,0,0,7*2,1,1316,630,180,180,85,0,0,0,0,0,0,10|11,0,864.554,23.0496,-1.895*12,0,624.632,70.5687,2.05*13,0,384.842,39.7112,-1.76||0*0|
1,0,50,50,0,0,85,0,0,1,0,0,0,6*2,1,1316,630,180,180,85,0,0,0,0,0,0,10|11,0,872.55,22.7851,-1.895*12,0,632.627,70.8549,2.05*13,0,392.838,39.4655,-1.76*14,0,152.955,53.0556,1.7||0*0|
1,0,50,50,0,0,85,0,0,0,0,0,0,6*2,1,1316,630,180,180,85,0,0,0,0,0,0,10|11,0,880.546,22.5205,-1.895*12,0,640.622,71.141,2.05*13,0,400.834,39.2197,-1.76*14,0,160.951,53.293,1.7||0*0|
1,0,50,50,0,0,85,0,0,0,0,0,0,6*2,1,1316,630,180,180,85,0,0,0,0,0,0,10|11,0,888.541,22.256,-1.895*12,0,648.617,71.4272,2.05*13,0,408.831,38.974,-1.76*14,0,168.948,53.5303,1.7||0*0|
1,0,50,50,0,0,85,0,0,0,0,0,0,6*2,1,1316,630,180,180,85,0,0,0,0,0,0,10|11,0,896.537,21.9914,-1.895*12,0,656.612,71.7134,2.05*13,0,416.827,38.7283,-1.76*14,0,176.944,53.7676,1.7||0*0|
1,0,50,50,0,0,85,0,0,0,0,0,0,6*2,1,1316,630,180,180,85,0,0,0,0,0,0,10|11,0,904.532,21.7269,-1.895*12,0,664.606,71.9995,2.05*13,0,424.823,38.4826,-1.76*14,0,184.941,54.0049,1.7||0*0|
1,0,50,50,0,0,85,0,0,0,0,0,0,6*2,1,1316,630,180,180,85,0,0,0,0,0,0,10|11,0,912.528,21.4624,-1.895*12,0,672.601,72.2857,2.05*13,0,432.819,38.2369,-1.76*14,0,192.937,54.2423,1.7||0*0|
1,0,50,50,0,0,85,0,0,0,0,0,0,6*2,1,1316,630,180,180,85,0,0,0,0,0,0,10|11,0,920.524,21.1978,-1.895*12,0,680.596,72.5719,2.05*13,0,440.816,37.9912,-1.76*14,0,200.934,54.4796,1.7||0*0|
1,0,50,50,0,0,85,0,0,0,0,0,0,6*2,1,1316,630,180,180,85,0,0,0,0,0,0,10|11,0,928.519,20.9333,-1.895*12,0,688.591,72.8581,2.05*13,0,448.812,37.7455,-1.76*14,0,208.93,54.7169,1.7||0*0|
1,0,50,50,0,0,85,0,0,0,0,0,0,6*2,1,1316,630,180,180,85,0,0,0,0,0,0,10|11,0,936.515,20.6687,-1.895*12,0,696.586,73.1442,2.05*13,0,456.808,37.4998,-1.76*14,0,216.926,54.9543,1.7||0*0|
1,0,50,50,0,0,85,0,0,0,0,0,0,6*2,1,1316,630,180,180,85,0,0,0,0,0,0,10|11,0,944.511,20.4042,-1.895*12,0,704.581,73.4304,2.05*13,0,464.804,37.2541,-1.76*14,0,224.923,55.1916,1.7||0*0|