蛋疼的蜘蛛,狄学长,-50,-50,-50,-50,-50,-50,85,10*蛋疼的蜘蛛,狄学长,-50,-50,-50,-50,-50,-50,85,10|1366,680|683,340,100|50,630,5*1316,50,5|4,0,0,0*0,0,0,0|1|
1,0,50,50,0,0,85,0,0,1,0,0,0,9*2,1,1316,630,180,180,85,0,0,0,0,0,0,10|11,0,152.986,48.2833,-0.955||0*0|
1,0,50,50,0,0,85,0,0,0,0,0,0,9*2,1,1316,630,180,180,85,0,0,0,0,0,0,10|11,0,160.985,48.1499,-0.955||0*0|
1,0,50,50,0,0,85,0,0,0,0,0,0,9*2,1,1316,630,180,180,85,0,0,0,0,0,0,10|11,0,168.983,48.0166,-0.955||0*0|
1,0,50,50,0,0,85,0,0,0,0,0,0,9*2,1,1316,630,180,180,85,0,0,0,0,0,0,10|11,0,176.982,47.8833,-0.955||0*0|
1,0,50,50,0,0,85,0,0,0,0,0,0,9*2,1,1316,630,180,180,85,0,0,0,0,0,0,10|11,0,184.981,47.7499,-0.955||0*0|
1,0,50,50,0,0,85,0,0,0,0,0,0,9*2,1,1316,630,180,180,85,0,0,0,0,0,0,10|11,0,192.98,47.6166,-0.955||0*0|
1,0,50,50,0,0,85,0,0,0,0,0,0,9*2,1,1316,630,180,180,85,0,0,0,0,0,0,10|11,0,200.979,47.4833,-0.955||0*0|
1,0,50,50,0,0,85,0,0,0,0,0,0,9*2,1,1316,630,180,180,85,0,0,0,0,0,0,10|11,0,208.978,47.3499,-0.955||0*0|
1,0,50,50,0,0,85,0,0,0,0,0,0,9*2,1,1316,630,180,180,85,0,0,0,0,0,0,10|11,0,216.977,47.2166,-0.955||0*0|
1,0,50,50,0,0,85,0,0,0,0,0,0,9*2,1,1316,630,180,180,85,0,0,0,0,0,0,10|11,0,224.976,47.0833,-0.955||0*0|
1,0,50,50,0,0,85,0,0,0,0,0,0,9*2,1,1316,630,180,180,85,0,0,0,0,0,0,10|11,0,232.975,46.9499,-0.955||0*0|
1,0,50,50,0,0,85,0,0,0,0,0,0,9*2,1,1316,630,180,180,85,0,0,0,0,0,0,10|11,0,240.973,46.8166,-0.955||0*0|
1,0,50,50,0,0,85,0,0,0,0,0,0,9*2,1,1316,630,180,180,85,0,0,0,0,0,0,10|11,0,248.972,46.6832,-0.955||0*0|
1,0,50,50,0,0,85,0,0,0,0,0,0,9*2,1,1316,630,180,180,85,0,0,0,0,0,0,10|11,0,256.971,46.5499,-0.955||0*0|
1,0,50,50,0,0,85,0,0,0,0,0,0,9*2,1,1316,630,180,180,85,0,0,0,0,0,0,10|11,0,264.97,46.4166,-0.955||0*0|
1,0,50,50,0,0,85,0,0,0,0,0,0,9*2,1,1316,630,180,180,85,0,0,0,0,0,0,10|11,0,272.969,46.2832,-0.955||0*0|
1,0,50,50,0,0,85,0,0,0,0,0,0,9*2,1,1316,630,180,180,85,0,0,0,0,0,0,10|11,0,280.968,46.1499,-0.955||0*0|
1,0,50,50,0,0,85,0,0,0,0,0,0,9*2,1,1316,630,180,180,85,0,0,0,0,0,0,10|11,0,288.967,46.0166,-0.955||0*0|
1,0,50,50,0,0,85,0,0,0,0,0,0,9*2,1,1316,630,180,180,85,0,0,0,0,0,0,10|11,0,296.966,45.8832,-0.955||0*0|
1,0,50,50,0,0,85,0,0,0,0,0,0,9*2,1,1316,630,180,180,85,0,0,0,0,0,0,10|11,0,304.965,45.7499,-0.955||0*0|
1,0,50,50,0,0,85,0,0,0,0,0,0,9*2,1,1316,630,180,180,85,0,0,0,0,0,0,10|11,0,312.963,45.6165,-0.955||0*0|
1,0,50,50,0,0,85,0,0,0,0,0,0,9*2,1,1316,630,180,180,85,0,0,0,0,0,0,10|11,0,320.962,45.4832,-0.955||0*0|
1,0,50,50,0,0,85,0,0,0,0,0,0,9*2,1,1316,630,180,180,85,0,0,0,0,0,0,10|11,0,328.961,45.3499,-0.955||0*0|
1,0,50,50,0,0,85,0,0,0,0,0,0,9*2,1,1316,630,180,180,85,0,0,0,0,0,0,10|11,0,336.96,45.2165,-0.955||0*0|
1,0,50,50,0,0,85,0,0,0,0,0,0,9*2,1,1316,630,180,180,85,0,0,0,0,0,0,10|11,0,344.959,45.0832,-0.955||0*0|
1,0,50,50,0,0,85,0,0,0,0,0,0,9*2,1,1316,630,180,180,85,0,0,0,0,0,0,10|11,0,352.958,44.9499,-0.955||0*0|
1,0,50,50,0,0,85,0,0,0,0,0,0,9*2,1,1316,630,180,180,85,0,0,0,0,0,0,10|11,0,360.957,44.8165,-0.955||0*0|
1,0,50,50,0,0,85,0,0,0,0,0,0,9*2,1,1316,630,180,180,85,0,0,0,0,0,0,10|11,0,368.956,44.6832,-0.955||0*0|
1,0,50,50,0,0,85,0,0,0,0,0,0,9*2,1,1316,630,180,180,85,0,0,0,0,0,0,10|11,0,376.955,44.5499,-0.955||0*0|
1,0,50,50,0,0,85,0,0,0,0,0,0,9*2,1,1316,630,180,180,85,0,0,0,0,0,0,10|11,0,384.953,44.4165,-0.955||0*0|
1,0,50,50,0,0,85,0,0,1,0,0,0,8*2,1,1316,630,180,180,85,0,0,0,0,0,0,10|11,0,392.952,44.2832,-0.955*12,0,152.912,45.7407,-2.37||0*0|
1,0,50,50,0,0,85,0,0,0,0,0,0,8*2,1,1316,630,180,180,85,0,0,0,0,0,0,10|11,0,400.951,44.1498,-0.955*12,0,160.905,45.4099,-2.37||0*0|
1,0,50,50,0,0,85,0,0,0,0,0,0,8*2,1,1316,630,180,180,85,0,0,0,0,0,0,10|11,0,408.95,44.0165,-0.955*12,0,168.898,45.0791,-2.37||0*0|
1,0,50,50,0,0,85,0,0,0,0,0,0,8*2,1,1316,630,180,180,85,0,0,0,0,0,0,10|11,0,416.949,43.8832,-0.955*12,0,176.891,44.7482,-2.37||0*0|
1,0,50,50,0,0,85,0,0,0,0,0,0,8*2,1,1316,630,180,180,85,0,0,0,0,0,0,10|11,0,424.948,43.7498,-0.955*12,0,184.885,44.4174,-2.37||0*0|
1,0,50,50,0,0,85,0,0,0,0,0,0,8*2,1,1316,630,180,180,85,0,0,0,0,0,0,10|11,0,432.947,43.6165,-0.955*12,0,192.878,44.0866,-2.37||0*0|
1,0,50,50,0,0,85,0,0,0,0,0,0,8*2,1,1316,630,180,180,85,0,0,0,0,0,0,10|11,0,440.946,43.4832,-0.955*12,0,200.871,43.7558,-2.37||0*0|
1,0,50,50,0,0,85,0,0,0,0,0,0,8*2,1,1316,630,180,180,85,0,0,0,0,0,0,10|11,0,448.945,43.3498,-0.955*12,0,208.864,43.425,-2.37||0*0|
1,0,50,50,0,0,85,0,0,0,0,0,0,8*2,1,1316,630,180,180,85,0,0,0,0,0,0,10|11,0,456.943,43.2165,-0.955*12,0,216.857,43.0941,-2.37||0*0|
1,0,50,50,0,0,85,0,0,0,0,0,0,8*2,1,1316,630,180,180,85,0,0,0,0,0,0,10|11,0,464.942,43.0831,-0.955*12,0,224.85,42.7633,-2.37||0*0|
1,0,50,50,0,0,85,0,0,0,0,0,0,8*2,1,1316,630,180,180,85,0,0,0,0,0,0,10|11,0,472.941,42.9498,-0.955*12,0,232.843,42.4325,-2.37||0*0|
1,0,50,50,0,0,85,0,0,0,0,0,0,8*2,1,1316,630,180,180,85,0,0,0,0,0,0,10|11,0,480.94,42.8165,-0.955*12,0,240.837,42.1017,-2.37||0*0|
1,0,50,50,0,0,85,0,0,0,0,0,0,8*2,1,1316,630,180,180,85,0,0,0,0,0,0,10|11,0,488.939,42.6831,-0.955*12,0,248.83,41.7709,-2.37||0*0|
1,0,50,50,0,0,85,0,0,0,0,0,0,8*2,1,1316,630,180,180,85,0,0,0,0,0,0,10|11,0,496.938,42.5498,-0.955*12,0,256.823,41.44,-2.37||0*0|
1,0,50,50,0,0,85,0,0,0,0,0,0,8*2,1,1316,630,180,180,85,0,0,0,0,0,0,10|11,0,504.937,42.4165,-0.955*12,0,264.816,41.1092,-2.37||0*0|
1,0,50,50,0,0,85,0,0,0,0,0,0,8*2,1,1316,630,180,180,85,0,0,0,0,0,0,10|11,0,512.936,42.2831,-0.955*12,0,272.809,40.7784,-2.37||0*0|
1,0,50,50,0,0,85,0,0,0,0,0,0,8*2,1,1316,630,180,180,85,0,0,0,0,0,0,10|11,0,520.935,42.1498,-0.955*12,0,280.802,40.4476,-2.37||0*0|
1,0,50,50,0,0,85,0,0,0,0,0,0,8*2,1,1316,630,180,180,85,0,0,0,0,0,0,10|11,0,528.933,42.0164,-0.955*12,0,288.796,40.1168,-2.37||0*0|
1,0,50,50,0,0,85,0,0,0,0,0,0,8*2,1,1316,630,180,180,85,0,0,0,0,0,0,10|11,0,536.932,41.8831,-0.955*12,0,296.789,39.7859,-2.37||0*0|
1,0,50,50,0,0,85,0,0,0,0,0,0,8*2,1,1316,630,180,180,85,0,0,0,0,0,0,10|11,0,544.931,41.7498,-0.955*12,0,304.782,39.4551,-2.37||0*0|
1,0,50,50,0,0,85,0,0,0,0,0,0,8*2,1,1316,630,180,180,85,0,0,0,0,0,0,10|11,0,552.93,41.6164,-0.955*12,0,312.775,39.1243,-2.37||0*0|
1,0,50,50,0,0,85,0,0,0,0,0,0,8*2,1,1316,630,180,180,85,0,0,0,0,0,0,10|11,0,560.929,41.4831,-0.955*12,0,320.768,38.7935,-2.37||0*0|
1,0,50,50,0,0,85,0,0,0,0,0,0,8*2,1,1316,630,180,180,85,0,0,0,0,0,0,10|11,0,568.928,41.3498,-0.955*12,0,328.761,38.4627,-2.37||0*0|
1,0,50,50,0,0,85,0,0,0,0,0,0,8*2,1,1316,630,180,180,85,0,0,0,0,0,0,10|11,0,576.927,41.2164,-0.955*12,0,336.755,38.1318,-2.37||0*0|
1,0,50,50,0,0,85,0,0,0,0,0,0,8*2,1,1316,630,180,180,85,0,0,0,0,0,0,10|11,0,584.926,41.0831,-0.955*12,0,344.748,37.801,-2.37||0*0|
1,0,50,50,0,0,85,0,0,0,0,0,0,8*2,1,1316,630,180,180,85,0,0,0,0,0,0,10|11,0,592.925,40.9498,-0.955*12,0,352.741,37.4702,-2.37||0*0|
1,0,50,50,0,0,85,0,0,0,0,0,0,8*2,1,1316,630,180,180,85,0,0,0,0,0,0,10|11,0,600.923,40.8164,-0.955*12,0,360.734,37.1394,-2.37||0*0|
1,0,50,50,0,0,85,0,0,0,0,0,0,8*2,1,1316,630,180,180,85,0,0,0,0,0,0,10|11,0,608.922,40.6831,-0.955*12,0,368.727,36.8085,-2.37||0*0|
1,0,50,50,0,0,85,0,0,0,0,0,0,8*2,1,1316,630,180,180,85,0,0,0,0,0,0,10|11,0,616.921,40.5497,-0.955*12,0,376.72,36.4777,-2.37||0*0|
1,0,50,50,0,0,85,0,0,0,0,0,0,8*2,1,1316,630,180,180,85,0,0,0,0,0,0,10|11,0,624.92,40.4164,-0.955*12,0,384.713,36.1469,-2.37||0*0|
1,0,50,50,0,0,85,0,0,1,0,0,0,7*2,1,1316,630,180,180,85,0,0,0,0,0,0,10|11,0,632.919,40.2831,-0.955*12,0,392.707,35.8161,-2.37*13,0,152.942,53.4689,1.93||0*0|
1,0,50,50,0,0,85,0,0,0,0,0,0,7*2,1,1316,630,180,180,85,0,0,0,0,0,0,10|11,0,640.918,40.1497,-0.955*12,0,400.7,35.4853,-2.37*13,0,160.937,53.7383,1.93||0*0|
1,0,50,50,0,0,85,0,0,0,0,0,0,7*2,1,1316,630,180,180,85,0,0,0,0,0,0,10|11,0,648.917,40.0164,-0.955*12,0,408.693,35.1544,-2.37*13,0,168.932,54.0077,1.93||0*0|
1,0,50,50,0,0,85,0,0,0,0,0,0,7*2,1,1316,630,180,180,85,0,0,0,0,0,0,10|11,0,656.916,39.8831,-0.955*12,0,416.686,34.8236,-2.37*13,0,176.928,54.2772,1.93||0*0|
1,0,50,50,0,0,85,0,0,0,0,0,0,7*2,1,1316,630,180,180,85,0,0,0,0,0,0,10|11,0,664.915,39.7497,-0.955*12,0,424.679,34.4928,-2.37*13,0,184.923,54.5466,1.93||0*0|
1,0,50,50,0,0,85,0,0,0,0,0,0,7*2,1,1316,630,180,180,85,0,0,0,0,0,0,10|11,0,672.913,39.6164,-0.955*12,0,432.672,34.162,-2.37*13,0,192.919,54.816,1.93||0*0|
1,0,50,50,0,0,85,0,0,0,0,0,0,7*2,1,1316,630,180,180,85,0,0,0,0,0,0,10|11,0,680.912,39.483,-0.955*12,0,440.666,33.8312,-2.37*13,0,200.914,55.0855,1.93||0*0|
1,0,50,50,0,0,85,0,0,0,0,0,0,7*2,1,1316,630,180,180,85,0,0,0,0,0,0,10|11,0,688.911,39.3497,-0.955*12,0,448.659,33.5003,-2.37*13,0,208.91,55.3549,1.93||0*0|
1,0,50,50,0,0,85,0,0,0,0,0,0,7*2,1,1316,630,180,180,85,0,0,0,0,0,0,10|11,0,696.91,39.2164,-0.955*12,0,456.652,33.1695,-2.37*13,0,216.905,55.6243,1.93||0*0|
1,0,50,50,0,0,85,0,0,0,0,0,0,7*2,1,1316,630,180,180,85,0,0,0,0,0,0,10|11,0,704.909,39.083,-0.955*12,0,464.645,32.8387,-2.37*13,0,224.901,55.8937,1.93||0*0|
1,0,50,50,0,0,85,0,0,0,0,0,0,7*2,1,1316,630,180,180,85,0,0,0,0,0,0,10|11,0,712.908,38.9497,-0.955*12,0,472.638,32.5079,-2.37*13,0,232.896,56.1632,1.93||0*0|
1,0,50,50,0,0,85,0,0,0,0,0,0,7*2,1,1316,630,180,180,85,0,0,0,0,0,0,10|11,0,720.907,38.8164,-0.955*12,0,480.631,32.1771,-2.37*13,0,240.892,56.4326,1.93||0*0|
1,0,50,50,0,0,85,0,0,0,0,0,0,7*2,1,1316,630,180,180,85,0,0,0,0,0,0,10|11,0,728.906,38.683,-0.955*12,0,488.624,31.8462,-2.37*13,0,248.887,56.702,1.93||0*0|
1,0,50,50,0,0,85,0,0,0,0,0,0,7*2,1,1316,630,180,180,85,0,0,0,0,0,0,10|11,0,736.905,38.5497,-0.955*12,0,496.618,31.5154,-2.37*13,0,256.883,56.9714,1.93||0*0|
1,0,50,50,0,0,85,0,0,0,0,0,0,7*2,1,1316,630,180,180,85,0,0,0,0,0,0,10|11,0,744.903,38.4163,-0.955*12,0,504.611,31.1846,-2.37*13,0,264.878,57.2409,1.93||0*0|
1,0,50,50,0,0,85,0,0,0,0,0,0,7*2,1,1316,630,180,180,85,0,0,0,0,0,0,10|11,0,752.902,38.283,-0.955*12,0,512.604,30.8538,-2.37*13,0,272.873,57.5103,1.93||0*0|
1,0,50,50,0,0,85,0,0,0,0,0,0,7*2,1,1316,630,180,180,85,0,0,0,0,0,0,10|11,0,760.901,38.1497,-0.955*12,0,520.597,30.523,-2.37*13,0,280.869,57.7797,1.93||0*0|
1,0,50,50,0,0,85,0,0,0,0,0,0,7*2,1,1316,630,180,180,85,0,0,0,0,0,0,10|11,0,768.9,38.0163,-0.955*12,0,528.59,30.1921,-2.37*13,0,288.864,58.0492,1.93||0*0|
1,0,50,50,0,0,85,0,0,0,0,0,0,7*2,1,1316,630,180,180,85,0,0,0,0,0,0,10|11,0,776.899,37.883,-0.955*12,0,536.583,29.8613,-2.37*13,0,296.86,58.3186,1.93||0*0|
1,0,50,50,0,0,85,0,0,0,0,0,0,7*2,1,1316,630,180,180,85,0,0,0,0,0,0,10|11,0,784.898,37.7497,-0.955*12,0,544.577,29.5305,-2.37*13,0,304.855,58.588,1.93||0*0|
1,0,50,50,0,0,85,0,0,0,0,0,0,7*2,1,1316,630,180,180,85,0,0,0,0,0,0,10|11,0,792.897,37.6163,-0.955*12,0,552.57,29.1997,-2.37*13,0,312.851,58.8574,1.93||0*0|
1,0,50,50,0,0,85,0,0,0,0,0,0,7*2,1,1316,630,180,180,85,0,0,0,0,0,0,10|11,0,800.896,37.483,-0.955*12,0,560.563,28.8689,-2.37*13,0,320.846,59.1269,1.93||0*0|
1,0,50,50,0,0,85,0,0,0,0,0,0,7*2,1,1316,630,180,180,85,0,0,0,0,0,0,10|11,0,808.895,37.3497,-0.955*12,0,568.556,28.538,-2.37*13,0,328.842,59.3963,1.93||0*0|
1,0,50,50,0,0,85,0,0,0,0,0,0,7*2,1,1316,630,180,180,85,0,0,0,0,0,0,10|11,0,816.893,37.2163,-0.955*12,0,576.549,28.2072,-2.37*13,0,336.837,59.6657,1.93||0*0|
1,0,50,50,0,0,85,0,0,0,0,0,0,7*2,1,1316,630,180,180,85,0,0,0,0,0,0,10|11,0,824.892,37.083,-0.955*12,0,584.542,27.8764,-2.37*13,0,344.833,59.9352,1.93||0*0|
1,0,50,50,0,0,85,0,0,0,0,0,0,7*2,1,1316,630,180,180,85,0,0,0,0,0,0,10|11,0,832.891,36.9496,-0.955*12,0,592.536,27.5456,-2.37*13,0,352.828,60.2046,1.93||0*0|
1,0,50,50,0,0,85,0,0,0,0,0,0,7*2,1,1316,630,180,180,85,0,0,0,0,0,0,10|11,0,840.89,36.8163,-0.955*12,0,600.529,27.2148,-2.37*13,0,360.824,60.474,1.93||0*0|
1,0,50,50,0,0,85,0,0,0,0,0,0,7*2,1,1316,630,180,180,85,0,0,0,0,0,0,10|11,0,848.889,36.683,-0.955*12,0,608.522,26.8839,-2.37*13,0,368.819,60.7434,1.93||0*0|
1,0,50,50,0,0,85,0,0,0,0,0,0,7*2,1,1316,630,180,180,85,0,0,0,0,0,0,10|11,0,856.888,36.5496,-0.955*12,0,616.515,26.5531,-2.37*13,0,376.814,61.0129,1.93||0*0|
1,0,50,50,0,0,85,0,0,0,0,0,0,7*2,1,1316,630,180,180,85,0,0,0,0,0,0,10|11,0,864.887,36.4163,-0.955*12,0,624.508,26.2223,-2.37*13,0,384.81,61.2823,1.93||0*0|
1,0,50,50,0,0,85,0,0,1,0,0,0,6*2,1,1316,630,180,180,85,0,0,0,0,0,0,10|11,0,872.886,36.283,-0.955*12,0,632.501,25.8915,-2.37*13,0,392.805,61.5517,1.93*14,0,152.922,45.9922,-2.23||0*0|
1,0,50,50,0,0,85,0,0,0,0,0,0,6*2,1,1316,630,180,180,85,0,0,0,0,0,0,10|11,0,880.885,36.1496,-0.955*12,0,640.494,25.5607,-2.37*13,0,400.801,61.8211,1.93*14,0,160.916,45.6809,-2.23||0*0|
1,0,50,50,0,0,85,0,0,0,0,0,0,6*2,1,1316,630,180,180,85,0,0,0,0,0,0,10|11,0,888.883,36.0163,-0.955*12,0,648.488,25.2298,-2.37*13,0,408.796,62.0906,1.93*14,0,168.91,45.3696,-2.23||0*0|
1,0,50,50,0,0,85,0,0,0,0,0,0,6*2,1,1316,630,180,180,85,0,0,0,0,0,0,10|11,0,896.882,35.8829,-0.955*12,0,656.481,24.899,-2.37*13,0,416.792,62.36,1.93*14,0,176.904,45.0583,-2.23||0*0|
1,0,50,50,0,0,85,0,0,0,0,0,0,6*2,1,1316,630,180,180,85,0,0,0,0,0,0,10|11,0,904.881,35.7496,-0.955*12,0,664.474,24.5682,-2.37*13,0,424.787,62.6294,1.93*14,0,184.898,44.747,-2.23||0*0|
1,0,50,50,0,0,85,0,0,0,0,0,0,6*2,1,1316,630,180,180,85,0,0,0,0,0,0,10|11,0,912.88,35.6163,-0.955*12,0,672.467,24.2374,-2.37*13,0,432.783,62.8989,1.93*14,0,192.892,44.4357,-2.23||0*0|
1,0,50,50,0,0,85,0,0,0,0,0,0,6*2,1,1316,630,180,180,85,0,0,0,0,0,0,10|11,0,920.879,35.4829,-0.955*12,0,680.46,23.9066,-2.37*13,0,440.778,63.1683,1.93*14,0,200.886,44.1244,-2.23||0*0|
1,0,50,50,0,0,85,0,0,0,0,0,0,6*2,1,1316,630,180,180,85,0,0,0,0,0,0,10|11,0,928.878,35.3496,-0.955*12,0,688.453,23.5757,-2.37*13,0,448.774,63.4377,1.93*14,0,208.88,43.8131,-2.23||0*0|
1,0,50,50,0,0,85,0,0,0,0,0,0,6*2,1,1316,630,180,180,85,0,0,0,0,0,0,10|11,0,936.877,35.2163,-0.955*12,0,696.447,23.2449,-2.37*13,0,456.769,63.7071,1.93*14,0,216.874,43.5019,-2.23||0*0|
1,0,50,50,0,0,85,0,0,0,0,0,0,6*2,1,1316,630,180,180,85,0,0,0,0,0,0,10|11,0,944.876,35.0829,-0.955*12,0,704.44,22.9141,-2.37*13,0,464.765,63.9766,1.93*14,0,224.867,43.1906,-2.23||0*0|